0.5967916666	0.01950181135	0.008532733331	0.0155648945	-0.005085525673	-0.01383203876	-0.01858601308	0.0002796097993	-0.01439927356	-0.003381237373	0.005102941522	0.003961808173	0.01884169202	-0.006988502548	-0.001551153774	-0.009764702784	-0.01127479034	0.009204004241	0.008300046027	-0.01179551488	0.0005422159841	0.02322616815	0.009029386768	0.004192591548	0.01275959135	0.01918031937	-0.0113159968	-0.03345896119	0.0009198738688	0.003599925699	-0.003674442414	0.007162448546	-0.01740965705	-0.02380848988	-0.01025564444	0.01060842375	-0.01131762874	0.002724662413	0.01912306551	0.01526162583	-0.008311325106	-0.01374880987	-0.02012030773	0.01267377855	-0.002611234153	0.01022682201	0.009302600556	-0.002802714996	-0.001184647473	-0.0008775709499	-0.03015156481	-0.005925430281	0.006375445961	0.003186773141	0.002649457224	-0.000767551062	-0.03235957828	-0.002922390523	0.008770044461	-0.002791291423	0.01003901303	-0.00954194311	0.004952803134	0.2460947742	-0.001998713046	0.001165208699	0.01485282511	-0.008861152556	-0.02729009576	0.001829543869	0.01680040832	-0.01848415289	0.003651875757	0.01637583219	-0.01633516121	-0.006845163905	-0.02548857109	-0.03431396123	0.01124243205	0.005365275717	-0.01117918592	-0.0142940135	-0.02771684781	-0.1746972983	-0.0002389388194	-0.0119876757	-0.01140928932	-0.2382251478	-0.03607291949	-0.1525328467	0.0002447951005	0.00901755521	-0.008997963442	-0.02444032227	-0.02048219021	0.004678773376
0.01950181135	0.490295407	-0.00637788537	-0.007857918052	-0.002527869268	0.001298075733	-0.01726863032	-0.00372965635	-0.01985770155	-0.006137174367	-0.01001656537	0.001701980637	0.02096851653	-0.004979177648	0.008082590155	0.00227125536	-0.02767373742	-0.0164904674	-0.009169453033	0.008269583166	0.01351817099	-0.01283438005	-0.0004501389256	-0.01442579257	-0.004984073465	0.2536952581	-0.01614776021	-0.01738884982	-0.02373015681	-0.02380481802	0.01184733744	-0.007395671329	-0.01825948928	-0.04057299129	-0.02386071193	3.223504518e-05	-0.02116270877	-0.008334580237	0.004081891685	-0.01030229069	-0.0009884068073	0.0005326963399	-0.00334519872	-0.02167649757	-0.01827907255	-0.00315630178	-0.02466906572	-0.001171999945	-0.03325020899	-0.007014885562	0.01295651199	0.000875267536	-0.03578202636	-0.01462216923	-0.01057700042	-0.02934729087	-0.02307833317	-0.0148824635	-0.01373888225	-0.0134458132	-0.006699377354	-0.01629286679	-0.01502335424	-0.01681835115	-0.02072154126	-0.01095153043	0.2090653982	0.002404530378	-0.02329633303	-0.001931667552	-0.02875149713	-0.03009172704	0.009042578275	0.1832240521	-0.001413934903	-0.04252710226	-0.01073706644	-0.01786524002	-0.002819578365	-0.0398210754	-0.02742146685	-0.01677578474	-0.009897297829	-0.02731484683	-0.04402835015	-0.01680638359	-0.004608591499	-0.04326841055	-0.01771809352	-0.03829834031	-0.003607804905	-0.02265634095	-0.02273358606	-0.006620772292	-0.002780139839	-0.01860042854
0.008532733331	-0.00637788537	0.5048996291	0.02484369169	0.01643934181	0.009311712215	0.001398303987	0.009375629826	-0.0004596585698	-0.01224960191	-0.03101227664	0.02497751069	-0.01981935098	0.02052884496	0.02844674102	0.00258213974	0.004427318775	0.0009492487709	-0.02067380705	0.01070851601	0.009925457276	0.0009759037746	-0.003651187283	0.02507773894	-0.002349307942	-0.01273102392	-0.009178564692	0.01065194212	-0.008392378076	-0.03272418065	-0.008482542706	-0.02323445534	-0.008770579941	-0.009098599681	-0.01136903482	-0.03196927287	-0.0003155039577	-0.008310917121	-0.0173707625	-0.007980857457	-0.02908631662	-0.0295496513	-0.02713478956	-0.001077347483	-0.01862096377	-0.01270232899	0.001126178158	-0.01062663857	0.01510495969	-0.008662327987	-0.009475305601	-0.002430224918	0.00977926274	-0.01457239509	-0.004808912012	-0.01467534324	0.003343575281	0.01020778272	-0.002095813417	-0.01978018445	0.01448727077	0.01313180944	0.00647662618	-0.01505830493	-0.006741535778	-0.008969540504	0.001989473891	0.007676509333	-0.008559107845	-0.005955213168	-0.007055684037	-0.04337163069	0.005737085821	-0.008067758209	0.004824151942	-0.009668826368	0.01266901873	0.004548626241	-0.01038116774	-0.01786415206	0.002120708986	-0.01726128659	-0.01631000215	-0.02274786553	-0.01301090145	-0.03075211836	-0.01987293298	-0.02329592504	-0.01604943589	-0.01524475396	-0.004328305975	0.00595889353	-0.006155533681	-0.003437675263	-0.005837577565	-0.005416809291
0.0155648945	-0.007857918052	0.02484369169	0.4957381955	-0.006138398321	0.0131061064	0.01729515783	0.006420324284	-0.01960379904	-0.01083131092	-0.009031554187	-0.01324073286	-0.0186230037	0.0008755395258	-0.005959293015	-0.01410756447	-0.01499098745	0.03312632612	-0.009372493444	0.0007032339659	-0.0113989537	-0.0211057269	-0.0007576234331	0.0485859563	0.007424510751	-0.01034662503	-0.01279970135	-0.02176965409	0.003352822935	-0.02173619934	-0.01320034237	-0.00464816602	-0.008905894883	-0.003985598784	-0.01341045452	-0.04116511316	-0.01035995254	-0.002022920141	-0.04673736889	-0.02913554678	-0.004781713029	-0.03102968398	-0.01519375587	0.01654283395	0.02479690944	-0.0008787949042	-0.03820178392	-0.007641686134	-0.002355019729	-0.002113220766	-0.0116211694	0.05568815485	0.007803120601	-0.01782797741	-0.00247673518	-0.008948733282	-0.009977806819	-0.02362380879	0.0174696393	0.00692663336	-0.01467044743	0.2226810733	0.003834652926	-0.01063724617	-0.03720480518	-0.002851265181	-0.02605852579	-0.005227096382	0.004047756961	-0.02392435755	0.02382889762	-0.03244892694	-0.01644898895	-0.01433916381	-0.009071672687	-0.003563606557	-0.005495958333	-0.000521672252	-0.01230508784	0.003124351474	-0.005612913962	0.008126924498	-0.01639309504	-0.02827510694	0.02075894836	-0.01745331142	-0.03109237764	-0.04255756512	-0.0480402002	-0.03754832834	-0.01606997112	-0.01654051353	-0.006225571063	-0.003912433519	-0.0128009253	-0.00546073565
-0.005085525673	-0.002527869268	0.01643934181	-0.006138398321	0.5055235738	0.008122300671	0.01159329894	-0.01972646645	-0.0005654626153	-0.004757097949	0.003922913627	0.01054980994	-0.01616516756	0.02021415273	-0.01863279533	0.00372966485	-0.006070672853	-0.01603733234	-0.01245019441	0.01014576904	0.01233936705	0.01165395267	-0.0189144408	-0.02441706714	-0.01834367014	-0.02073541274	-0.03270595733	-0.009716016604	-0.005364859233	0.01659818388	0.01386713395	-0.02412359011	-0.01425525495	-0.0004572106613	-0.0173628748	-0.01771401367	0.004500620035	-0.01233337478	-0.01498296375	-0.001820015725	-0.004908868276	-0.01955048903	-0.03156196809	0.003673498949	-0.00245959982	-0.0141789618	0.002939534382	-0.01989741206	0.006813349594	-0.0142645026	0.02509433032	-0.006674626279	-0.01057564047	0.001954523198	-0.01218663626	-0.01082532714	-0.01244189872	0.001903117119	-0.009839092004	-0.01282295648	0.2082558205	-0.009651419019	-0.03053711039	-0.000672490615	-0.008609833949	-0.0107595056	-0.007842686622	0.004567937519	-0.02134181408	-0.01692320323	-0.01324535669	-0.02903803842	-0.007972561768	-0.00416552006	-0.002266351043	-0.007529082343	-0.00280312298	-0.008286302041	-0.02322915154	0.0139246598	-0.01852141549	-0.006974903056	-0.01755163574	-0.003949288141	-0.02323472733	-0.01395103432	-0.02637593792	-0.008466223316	-0.02286577312	-0.02292275499	0.003973639731	0.009038634422	-0.007083834985	-0.02866228447	-0.01019947853	0.007885397525
-0.01383203876	0.001298075733	0.009311712215	0.0131061064	0.008122300671	0.4872080504	0.004700668558	-0.01271497652	-0.0017136677	-0.03732992051	0.009850796067	0.01750907783	-0.01871031243	0.01202902665	0.002400314536	0.02860109526	0.003682474614	-0.05547735423	-0.01225368176	0.002900639836	-0.02031178858	0.01904405246	-0.008430184663	-0.002953125374	-0.01605827556	-0.02654443563	-0.00773008283	0.02041678515	-0.02913826668	-0.00410717824	-0.02366678318	-0.01272544812	0.001673149714	0.006475946205	0.0149763085	-0.03035106935	0.002321029499	-0.007019101404	-0.005987035979	-0.03465394852	-0.01365538137	-0.01858370117	-0.03780182287	-0.06285671042	0.008912431139	0.09939161739	-0.01937165571	-0.01680257574	-0.0109414668	0.009170821481	0.00299202842	0.008731557899	0.003968879909	0.009618788738	0.01573978396	-0.003056617506	0.01095425882	0.008562108233	0.005384315006	-0.01374921786	-0.0230349508	0.008170034887	-0.01624064474	-0.001324586242	0.002409698185	0.003288905324	-0.02314306675	0.229058147	-0.02976193937	-0.02282361469	-0.04036097522	-0.03170068291	-0.03273818813	-0.01322536544	-0.003166501399	-0.009682561855	0.006218915812	0.0005268485585	-0.03239344101	-0.0007490557533	-0.02658904196	-0.01876335045	-0.02979702606	-0.005906934972	-0.03717733421	-0.01285369133	0.01507599277	-0.01734329153	-0.02669035817	-0.01944930881	-0.02637974578	-0.0129722789	-0.004850662452	0.005517726019	-0.009728800126	-0.01194524528
-0.01858601308	-0.01726863032	0.001398303987	0.01729515783	0.01159329894	0.004700668558	0.4818517546	-0.01048425189	-0.01646816424	-0.0278533867	-0.01537422112	0.01863008393	-0.003332687187	-0.007751842017	0.0267992986	0.02431711937	-0.01273007195	-0.03993000733	0.03651994328	0.004961642804	-0.03445267605	0.007657878029	-0.007256956514	-0.006192660293	-0.02092974948	-0.01909150619	-0.01949486711	-0.01158404278	0.00541790575	-0.008756708459	-0.007192494923	-0.005860016726	-0.006266369538	-0.01983267848	-0.01416536231	-0.009620684167	-0.02786508226	-0.01860110851	-0.001249653043	0.008362195705	-0.001332745937	-0.006352454321	-0.01207117658	-0.04390187487	0.006887058839	0.01523401886	0.01021036663	-0.02954652342	0.05339432858	-0.01631530595	-0.01802911389	-0.03481034268	0.00553377342	-0.006297648369	0.02317965789	-0.02103582551	-0.005549676325	-0.002092957524	-0.02335263492	0.231196531	-0.008727877537	-0.02251218633	-0.008265494819	-0.003349958542	-0.01009925028	-0.04662408513	-0.006668778498	0.002282134953	-0.01738708189	-0.02552787362	-0.0330386009	0.009161301837	0.0218843063	-0.02394570876	-0.001040220871	-0.02831454547	0.004937707698	-0.01984151815	-0.01302082908	-0.01120828883	0.005225472943	-0.002889615748	-0.0301382373	-0.009616468325	-0.04079547898	-0.00571409418	0.01029590743	-0.01017758335	-0.01028134747	-0.0225452331	0.02279860013	-0.00937072551	0.0444843496	-0.01317953515	-0.04223879303	-0.01081118367
0.0002796097993	-0.00372965635	0.009375629826	0.006420324284	-0.01972646645	-0.01271497652	-0.01048425189	0.5037074977	-0.01319082273	-0.008152211053	-0.002461911734	0.003708041658	0.01128989428	-0.005662552106	0.001707012449	-0.012407628	0.01253275183	0.01012523381	-0.01371725905	0.001437062538	0.02412781445	-0.03565990293	-0.01988122867	-0.005826697971	0.007322786554	-0.01697610525	0.01202154693	-0.007523370557	0.002193602262	-0.002763820449	0.007012310158	-0.01379736006	0.0115809234	-0.01415312276	0.002650545183	-0.006865563143	-0.009952511765	0.008841985772	-0.01614558429	-0.01590759319	-0.01006647551	-0.008010096365	-0.02401656211	-0.003638267766	-0.01308746659	-0.006046057773	-0.03955683727	0.002113501256	-0.02022529581	-0.01403018336	-0.01409899679	-0.01125779098	0.004659462098	-0.008751676647	-0.01979867975	-0.01624404461	-0.0127689665	-0.01480861826	-0.002372019093	-0.02411665437	-0.01371467515	0.00754201036	0.2541245941	-0.007618702993	-0.01593465618	-0.04033092034	0.0004860500834	-0.009950471841	-0.02626442209	0.002228552956	-0.00673133616	-0.0209051344	0.01632306616	-0.01506755259	-0.02528389874	-0.01741278493	-0.01614653626	-0.01331335415	-0.0169240192	-0.0006981936543	0.004403383669	-0.01957415215	-0.01443204834	-0.01218799621	-0.002999363646	-0.03314331699	-0.02661161711	-0.005542468595	-0.002747909044	0.001986482003	0.002092966023	-0.04225715235	-0.004878133425	0.0005944380323	-0.002366851287	0.01074387469
-0.01439927356	-0.01985770155	-0.0004596585698	-0.01960379904	-0.0005654626153	-0.0017136677	-0.01646816424	-0.01319082273	0.4941288317	-0.01993277074	-0.002192233813	0.01047936457	0.000867107841	-0.02425808908	-0.01909490606	-0.007816575598	0.007436614299	-0.01020668626	-0.004830943189	-0.01514792558	-0.01437737838	0.004872974118	-0.01279657347	-0.02222890892	-0.003295832565	-0.04181217698	-0.007070099498	0.00336043865	-0.02463996281	-0.01208994388	-0.01854181473	-0.01086435768	9.251904201e-06	0.00304955427	-0.005330860504	-0.01804556928	-0.006497288907	-0.01757380291	-0.01703784694	-0.02455482999	-0.02235620016	0.0111770185	-0.02331605229	-0.01139772975	-0.01028501934	-0.01914522418	-0.009964479318	0.1354449579	-0.004289003444	-0.003812205265	0.01933168171	-0.02038808173	0.005412193964	-0.003612292737	-0.02451620743	-0.001769969596	0.00324565894	0.00886959274	-0.03322668187	-0.009498968717	-0.004606415581	-0.011471303	-0.02492840803	-0.0227806403	-0.01612192118	0.2253442618	-0.01773087704	-0.009602460848	-0.0006148287702	-0.01470893399	-0.02954380352	-0.01681019145	-0.02104629712	-0.01521565105	0.002062911147	-0.007482028102	0.0006905864386	-0.003473985906	-0.01371685107	0.008148955675	-0.03821429545	-0.007946178754	-0.02447622493	-0.01663135814	-0.02377517113	-0.008394553995	-0.02353500411	-0.0199471862	0.005772852484	-0.02202709247	-0.0059276062	-0.01620283815	-0.002741517283	-0.0005719903713	0.1337062628	0.0009085862907
-0.003381237373	-0.006137174367	-0.01224960191	-0.01083131092	-0.004757097949	-0.03732992051	-0.0278533867	-0.008152211053	-0.01993277074	0.5067649354	0.001449438076	-0.01030582656	-0.004160080263	-0.00920589967	-0.03341761873	0.009154774081	0.001312763184	0.008044103594	-0.02045920707	-0.006440715022	-0.0007351842718	-0.01138195434	-0.01775848401	0.002053527497	-0.01851937557	0.003071857436	-0.01233228682	-0.01470920598	0.005869952855	-0.02356655493	-0.007119057668	-0.00539491411	-0.008817090202	-0.01684786204	-0.01325637228	-0.0201613782	0.005865465022	-0.0008113414253	-0.01209062385	-0.01287096268	-0.01128594193	-0.0299617159	0.2605360745	-0.002546908557	-0.01947691578	-0.03584404004	-0.009978350799	-0.03230613228	-0.02208448232	0.01601830155	-0.03216007374	-0.00408256316	-0.003936368624	-0.02527220318	-0.01054762552	-0.005282718303	-0.03445947579	-0.005675063639	-0.02404947288	-0.02450056802	-0.01181387419	-0.004644086173	-0.00836177922	-0.01736341877	-0.008276374412	-0.01272381618	-0.006216731393	-0.03110570514	0.1841981837	-0.000518408374	-0.01505300113	-0.02685069618	-0.03261429676	-0.02789336921	-0.002102613163	-0.002756748714	-0.0477592347	-0.01085116618	-0.0198537577	-0.02946479047	0.004006414506	-0.02063695242	0.240053744	-0.008759700347	-0.01485907238	-0.01881366857	-0.02694330872	-0.00313250267	-0.01134373977	-0.00405046836	-0.03032917417	-0.01010673	-0.03932387798	2.774721292e-05	-0.01892654435	0.01945965293
0.005102941522	-0.01001656537	-0.03101227664	-0.009031554187	0.003922913627	0.009850796067	-0.01537422112	-0.002461911734	-0.002192233813	0.001449438076	0.4994892073	-0.01482493765	-0.02112109433	-0.0005519991185	-0.04515642798	-0.00855040417	0.01026694051	-0.01630633028	0.007360185156	-0.008414001268	0.004798448903	-0.003472217972	0.001940379726	-0.02672272496	0.004795865	-0.01243999479	-0.01732139635	-0.01792276587	0.00186000673	0.02209972225	-0.01259122114	-0.02663813612	-0.03148336303	-0.03276443515	-0.01132606043	0.02959127425	0.009897714313	-0.000774078818	0.005375747326	-0.007885661016	0.1853281654	-0.001137049252	-0.02677848288	-0.01420738473	0.004556377951	-0.02267293233	-0.01332246581	-0.01258115752	-0.01939695077	0.004631991125	0.008597330916	-0.02879855138	0.01189806355	-0.002440016552	0.0003518231003	0.01679224862	-0.0110136801	0.006686602332	-0.0209049984	-0.03006412007	-0.01099328087	-0.03443866857	-0.01282866827	-0.00330453624	-0.007168559818	-0.007516570811	-0.0407896312	-0.007816575598	-0.02230275416	-0.02979077029	-0.03715788694	0.01467698368	-0.02670205373	-0.01878252573	0.03106953899	-0.0209319254	-0.04286532162	-0.02916995349	-0.04219364272	-0.002311229365	0.01054532211	0.2040334503	-0.0002870810201	-0.015511304	-0.0357889621	0.01287015522	0.003735240642	-0.01924490845	-0.001005678162	-0.0214162033	-0.01175308447	-0.01022613354	-0.01301892515	0.01297691122	-0.0145026297	-0.01705851817
0.003961808173	0.001701980637	0.02497751069	-0.01324073286	0.01054980994	0.01750907783	0.01863008393	0.003708041658	0.01047936457	-0.01030582656	-0.01482493765	0.503029699	0.001694636911	0.06915913136	0.02181304497	-4.351412362e-05	-0.0006919378881	-0.03156047215	-0.02473556723	-0.01180068269	-0.02276704081	0.02093628574	0.02298056133	0.002111597327	0.005469447824	-0.01369862775	-0.007639510216	0.001132977904	0.01126772711	-0.02259459925	0.01361894323	-0.01059821563	-0.02063953633	0.008498734601	-0.006566102335	-0.04140990401	-0.01633611317	-0.02675985157	0.01256403066	0.01239730089	-0.01462230523	-0.04154916281	-0.01804964913	-0.02067516699	0.01349409989	-0.003238578705	0.00475411456	-0.005262319066	-0.02502918026	-0.009460210165	0.001072052181	-0.02627108584	-0.01590242538	0.006119095543	0.008101493449	0.01339251169	0.001370697019	0.01211239154	-0.002619529842	-0.01286225901	-0.01785272849	-0.01042183022	0.002114589215	-0.01842812298	-0.008361915215	0.001447262157	-0.01742556845	0.03733713674	-0.008860880566	-0.01482140179	-0.00891106269	-0.04245924079	-0.01134101987	-0.02564197336	0.05448582379	0.001727139696	-0.003847699938	-0.01429197357	-0.00719711875	-0.01794398108	-0.01687655697	-0.02358165036	-0.01462733704	-0.02284075005	-0.02640735275	-0.0185989326	-0.0274466259	-0.02456380565	-0.009209843523	-0.03527340537	0.03306118456	-0.006353950265	-0.0253225213	-0.01011053786	-0.01531737525	0.007310819001
0.01884169202	0.02096851653	-0.01981935098	-0.0186230037	-0.01616516756	-0.01871031243	-0.003332687187	0.01128989428	0.000867107841	-0.004160080263	-0.02112109433	0.001694636911	0.5149425818	0.01460980219	-0.01341412638	-0.03318180355	-0.03363439463	-0.01215032562	0.006111207837	0.003013923602	0.005063910981	-0.01935642428	-0.006959127646	0.0002412592327	-0.02210719347	0.008857897177	-0.01390955587	-0.009210387503	-0.004102010433	-0.02610993187	-0.004831895153	0.01483052194	-0.01569489714	-0.01666263697	-0.004833119107	-0.02995056432	-0.04478747377	0.1108940675	-0.01086095781	-0.01658933571	-0.008019616009	-0.01715181068	0.0110085208	-0.02710187879	-0.01443504023	-0.004508363245	-0.001724819283	0.019618087	-0.009392076712	-0.0125708219	0.01874581561	-0.01952478599	-0.01578832565	-0.004811767905	-0.02297402507	-0.01291774494	-0.02608844467	-0.02084312072	-0.02181453241	-0.007304010755	-0.009761710896	-0.01917242316	0.005858121297	-0.01027182783	-0.03287051118	-0.02139022827	0.01762508149	-0.008269166682	-0.001017917704	0.2146911	0.01064269447	0.01025551694	-0.02291160341	0.022320578	-0.02942535195	-0.004595128002	-0.007976641615	-0.02014424284	-0.002866088627	-0.00423909331	-0.01882522814	-0.01653507374	-0.01293352035	-0.01696916951	-0.02125382537	-0.03911254188	-0.03678471688	-0.01832667077	-0.01991876327	0.05971510034	-0.02065259184	-0.02312062759	0.009114519586	0.01749847023	-0.006299416303	-0.01642750176
-0.006988502548	-0.004979177648	0.02052884496	0.0008755395258	0.02021415273	0.01202902665	-0.007751842017	-0.005662552106	-0.02425808908	-0.00920589967	-0.0005519991185	0.06915913136	0.01460980219	0.490829323	-0.01774189263	0.01144860035	0.006909633996	-0.01993780255	-0.01748649417	-0.004434110021	0.00838667479	0.007035429294	-0.002657200434	-0.00189318099	-0.01116001063	-0.02339560932	0.01117674651	-0.01913896841	-0.01349531535	-0.01772162939	0.02180801315	-0.00602552254	-0.03128957027	0.00466367794	0.01239376502	-0.03422610851	0.012180389	0.01299744646	-0.02376619546	0.08855336648	-0.02362734465	-0.02521345337	-0.02889551575	-0.009013330868	0.000676850952	-0.01497222015	-0.01579199751	-0.03741478134	-0.02267592421	-0.01367387668	0.003529752322	0.05180414002	-0.02473774315	0.006997078727	-0.008110188624	0.004948859281	0.01700140881	0.01275537551	0.006901202311	-0.03937474008	0.01113377211	-0.0006660988539	0.01627002814	0.01464475289	-0.001922283903	-0.01633108136	-0.01584258762	-0.004385015856	-0.02226562755	-0.0004831856905	-0.01291584101	-0.02950490897	-0.02782686769	-0.03159202297	0.01042673454	-0.002107916964	-0.02854546483	0.008062326912	-0.0001569338844	-0.01996432156	-0.01760440177	-0.01836923718	-0.02673958833	-0.01790250263	-0.03466822799	-0.01561901197	-0.04156942605	-0.01701445582	-0.03155761625	-0.004198022845	0.09066536754	-0.02028091773	-0.0108798611	-0.01689614024	-0.02643740763	-0.0001014479583
-0.001551153774	0.008082590155	0.02844674102	-0.005959293015	-0.01863279533	0.002400314536	0.0267992986	0.001707012449	-0.01909490606	-0.03341761873	-0.04515642798	0.02181304497	-0.01341412638	-0.01774189263	0.5129578719	0.05020361584	-0.001674637159	-0.04008925737	0.01607242753	0.01729651778	-0.007352016961	-0.01588379408	-0.01122841608	-0.006691353654	-0.02787786579	-0.01979908774	0.0668517056	-0.009693577443	-0.01634821672	-0.01409899679	-0.009218683192	-0.00733787349	-0.003109519529	-0.01882998796	0.000532560345	0.01747997492	-0.01741020103	-0.01221954703	-0.002923342487	-0.02805221127	-0.005460871644	0.0806599495	-0.03930755859	-0.03428254641	-0.01243768288	0.01066200575	-0.002273286784	0.01242436388	-0.01901412508	-0.02163148325	-0.02073418879	-0.02271046692	-0.00309850394	-0.004224405859	-0.02358777013	-0.01000650175	-0.008241695708	-0.02999517065	-0.01024748474	0.02720157156	-0.01225544969	-0.007474820371	0.01104102358	-0.02764885035	-0.001981305697	-0.007564577016	-0.002023600116	-0.006637363672	-0.02015743435	-0.01254022305	-0.01708734909	-0.01303565253	-0.01980452754	-0.02189857727	-0.03071798363	0.001279716419	-0.003381237373	0.06718394118	0.00823096061	0.002732414123	-0.01758509049	-0.004158584319	-0.005126460143	-0.01209959952	-0.02864338117	0.07155889766	0.01592024921	-0.01848347291	-0.01272531213	-0.009061473068	-0.02563993343	-0.02221993326	-0.003105575676	-0.009866018998	0.002774028568	-0.01732846808
-0.009764702784	0.00227125536	0.00258213974	-0.01410756447	0.00372966485	0.02860109526	0.02431711937	-0.012407628	-0.007816575598	0.009154774081	-0.00855040417	-4.351412362e-05	-0.03318180355	0.01144860035	0.05020361584	0.4844022032	0.007501755864	-0.01341847822	0.01579662984	-0.008437528389	0.0002316035936	0.002862289269	0.0182884647	0.008125020569	-0.008244007622	-0.005465767461	-0.0148904872	0.0218469077	-0.006649603214	0.002427649514	-0.003880610708	-0.01049893934	-0.01666277296	-0.01766967933	0.005988132438	0.03943771423	-0.008742972973	-0.01340923057	0.0007305689443	-0.01929359463	-0.006324167378	-0.005586394953	-0.006787910045	-0.002010952589	-0.003705177265	-0.0148370412	-0.03530536418	-0.01438023427	0.008505262357	-0.01265092291	-0.01679305609	-0.007959370261	-0.01042427813	0.004390600147	-0.005833905702	-0.03229389273	-0.02187328221	0.00204142395	0.01400802469	0.01619414298	0.01496366097	-0.009970055109	-0.001141401089	-0.01818523606	-0.0002987765829	-0.008884815671	-0.01697379334	-0.00150817938	-0.01916684737	-0.03361345141	-0.01898203028	-0.01656227272	0.006983751225	-0.02833657664	-0.02147631305	-0.02872348218	-0.003252314192	-0.001920515969	-0.008129227912	-0.0116825031	0.001918212555	-0.01698072908	-0.01955443288	-0.02204953163	-0.01797865978	0.04797901099	0.03757771175	-0.02246703602	-0.02625245454	-0.02398555527	-0.01880047706	-0.03171292245	0.006449427196	-0.01634318491	0.0009837914798	-0.007107634095
-0.01127479034	-0.02767373742	0.004427318775	-0.01499098745	-0.006070672853	0.003682474614	-0.01273007195	0.01253275183	0.007436614299	0.001312763184	0.01026694051	-0.0006919378881	-0.03363439463	0.006909633996	-0.001674637159	0.007501755864	0.4951294823	-0.01037219208	-0.006785054152	0.0007970704587	-0.000808485532	0.003924137581	-0.01039014341	-0.0141172201	-0.00327856121	-0.05025487742	0.009423228047	-0.01982193489	0.008799419363	-0.01119795322	0.01051091539	-0.01151291744	-0.01558786914	-0.02382752917	-0.003002763519	-0.004463620918	0.2501260715	-0.009553502678	-0.01357392041	-0.005163178771	-0.01698616887	0.01012373787	0.004940291602	-0.00853435677	-0.003609436844	-0.01971545087	-0.03111019298	0.003340447397	0.007426006696	0.006349198942	0.008408433976	-0.01076195351	-0.01765267996	-0.0218335717	-0.0182322903	-0.01119183344	0.01003874104	0.007424646746	-0.001419238705	-0.01912972076	-0.01572549599	-0.01448291044	0.002361827974	-0.01033452149	0.001781401668	-0.01042101425	-0.04424240615	0.013731955	0.01424655977	-0.02924855856	-0.01558324531	-0.02198901389	-0.009396564544	-0.05933906589	-0.01640642254	-0.01719111321	-0.03396758218	-0.006681426025	-0.01068375643	-0.008022607897	0.008398098363	-0.01359499962	-0.01312676912	0.001650574558	0.001974514451	-0.01502253827	-0.001963082378	-0.02546545195	-0.01653480175	-0.01465956783	-0.01755585158	-0.0111983612	0.01103626376	-0.006586365578	0.005152851657	0.01088721333
0.009204004241	-0.0164904674	0.0009492487709	0.03312632612	-0.01603733234	-0.05547735423	-0.03993000733	0.01012523381	-0.01020668626	0.008044103594	-0.01630633028	-0.03156047215	-0.01215032562	-0.01993780255	-0.04008925737	-0.01341847822	-0.01037219208	0.5102241021	-0.01081145566	-0.0233478751	-0.009130150501	-0.0192677556	-0.001883253362	-0.009357262013	0.002055839411	-0.0006231244601	-0.018507816	-0.01397836929	-0.005083893734	-0.005550220305	-0.02333427561	0.003756727839	-0.00937874921	0.01065982983	-0.008700270569	0.0007141135593	-0.007307818613	-0.03204039821	-0.03505554151	0.006973143622	-0.04572665467	-0.02471367205	-0.0003263835511	0.2508864191	-0.0132235975	-0.02764545047	-0.01886942649	-0.006822044769	-0.009342574562	-0.02393183727	-0.006649875204	0.02997899576	0.003792222512	-0.001341721602	0.001737339315	-0.01534879007	0.002644017427	-0.03083330732	0.001134337853	-0.01880863676	-0.02561382241	0.02778553374	-0.001520962902	-0.001932075537	-0.01231079962	-0.03393929523	-0.03360746764	-0.04935758296	-0.0165305859	-0.002372563073	0.2114076387	-0.00654964695	-0.0118432491	-0.01948589145	-0.005627873403	-0.003344518745	-0.01218323639	-0.03734107209	-0.02461929158	-0.004202646672	-0.04183176025	-0.03105552302	-0.03093979134	-0.0206535438	0.2072671374	-0.02867085215	-0.0277008004	-0.02262465413	-0.03314671686	-0.02082707332	-0.0001059357905	-0.0008506439563	-0.02274364968	0.009153278137	-0.01598932613	0.0168221675
0.008300046027	-0.009169453033	-0.02067380705	-0.009372493444	-0.01245019441	-0.01225368176	0.03651994328	-0.01371725905	-0.004830943189	-0.02045920707	0.007360185156	-0.02473556723	0.006111207837	-0.01748649417	0.01607242753	0.01579662984	-0.006785054152	-0.01081145566	0.4814434978	-0.009760214952	-0.003153853872	0.0105348505	0.01949854747	-0.008028727668	-0.02204776369	-0.01744175185	-0.006604316907	-0.02338146584	0.02376565998	-0.0002919768371	-0.008232176064	-0.001207494619	0.002263639644	-0.01292155279	-0.01046589258	0.00477124992	-0.009086496133	0.001339418188	0.1109411217	-0.008931597923	0.0009175619552	0.00562421004	-0.007901708416	-0.04111629099	-0.005393418166	-0.01693000297	-0.01355896097	-0.02401928201	0.01266589085	-0.01050084327	-0.03365180198	-0.02212868067	-0.005845873255	-0.0137214749	-0.008305477324	-0.02618799295	-0.01850903996	-0.01272844001	-0.03461478199	0.00836981142	-0.004232021574	-0.02838240693	0.0004734025561	0.001576729318	-0.03667551297	-0.03721935664	-0.02123397011	-0.007113073892	-0.006663746686	-0.02360395353	-0.006256985889	0.225365341	-0.03656046127	-0.03173508962	-0.02165011456	-0.008556795931	0.009629396342	-0.02454979818	0.0139435631	-0.01915433584	0.002096909876	0.0212156193	-0.007560497169	-0.01594363184	-0.03632573404	-0.001466292946	0.00112264229	-0.02893359433	0.07873589342	-0.01831048738	-0.01657206435	-0.03084228299	0.004983130001	0.005129052547	-0.0511117814	-0.0164986271
-0.01179551488	0.008269583166	0.01070851601	0.0007032339659	0.01014576904	0.002900639836	0.004961642804	0.001437062538	-0.01514792558	-0.006440715022	-0.008414001268	-0.01180068269	0.003013923602	-0.004434110021	0.01729651778	-0.008437528389	0.0007970704587	-0.0233478751	-0.009760214952	0.5220137735	-7.588091387e-05	-0.003842396137	-0.02394026896	-0.02412930189	-0.03241696813	-0.009376573291	-0.02385377619	0.001303379535	0.01141201771	-0.04548023188	0.008436584924	-0.01238614081	0.006151054348	0.003877763315	0.01816171744	0.004428678724	-0.02634901093	-0.02204613175	0.003216964013	-0.0234655107	-0.01541801149	-0.0058286019	-0.005202345307	-0.02500891702	0.02271197137	-0.007441773606	0.01200060372	0.000352231085	-0.009570774033	-0.006260929741	0.004937163719	0.01344446175	-0.005783723578	0.005349500307	0.0260796135	-0.007743682322	-0.003602773093	0.02838023951	-0.007149112545	0.003314200378	-0.001023493496	-0.02736720487	-0.009373581403	-0.01952410602	-0.003752639491	-0.006581197771	0.01170195888	-0.003695657621	0.002354484249	-0.03788981158	-0.01969423566	0.006068777423	0.01574984758	0.001918892529	-0.03545291866	0.008007520961	-0.01843002691	-0.03200762343	-0.008971988413	-0.03210853166	0.00514877181	-8.104872072e-05	0.001849399127	-0.003282913048	-0.01589698558	-0.02190129717	0.003247562869	-0.004797080454	0.006744672161	-0.0204155527	-0.02173211949	-0.001718563517	0.00307389736	-0.003386269185	-0.003410068295	-0.02322534368
0.0005422159841	0.01351817099	0.009925457276	-0.0113989537	0.01233936705	-0.02031178858	-0.03445267605	0.02412781445	-0.01437737838	-0.0007351842718	0.004798448903	-0.02276704081	0.005063910981	0.00838667479	-0.007352016961	0.0002316035936	-0.000808485532	-0.009130150501	-0.003153853872	-7.588091387e-05	0.5150948961	-0.007040724596	0.005461016139	0.01234807073	-0.005195953546	-0.005172426425	-0.01327853945	0.01533832696	-0.002465719591	-0.02063532048	0.002483543425	-0.005779779725	0.004806608598	-0.02957018653	0.001163712755	-0.01780458629	-0.007326857901	-0.02199363772	-0.01436853871	-0.01103639125	0.001893869465	-0.005449720061	-0.01152094114	0.01081568	0.01811670312	-0.01993562664	-0.001407135157	-0.025758521	0.0004430756896	-0.02829836207	0.01748378278	-0.0126271238	0.002585131628	-0.02266735653	-0.0236877264	-0.02476779803	-0.0207313329	-0.003709937087	-0.009394388625	-0.02705264863	-0.0002137797598	-0.02419444346	0.02701240263	0.0005816545101	-0.02013703511	-0.01027563569	-0.001340225658	-0.01648978743	-0.01272436016	0.007674197419	0.000463746917	-0.01847531322	0.01218596479	0.01054885798	-0.002304701609	0.006545575603	0.004952667139	0.0002267077766	0.02418928415	-0.01405248652	0.001349889797	0.002177826852	-0.00396003174	-0.006637907652	0.00681987735	-0.0007119291409	-0.00891990236	-0.01806120869	-0.01321693375	-0.009840315958	-0.02071351756	-0.01070048381	-0.01425049512	-0.02450981567	-0.007678948742	-0.009046785617
0.02322616815	-0.01283438005	0.0009759037746	-0.0211057269	0.01165395267	0.01904405246	0.007657878029	-0.03565990293	0.004872974118	-0.01138195434	-0.003472217972	0.02093628574	-0.01935642428	0.007035429294	-0.01588379408	0.002862289269	0.003924137581	-0.0192677556	0.0105348505	-0.003842396137	-0.007040724596	0.5295734589	0.007399759677	0.003711849516	0.03956486947	-0.01211143107	-0.00791925176	0.01876539887	-0.01911802519	-0.001698300274	-0.01360737516	-0.009924904797	-0.006649603214	-0.007447621388	-0.008869448246	-0.01326779585	-0.006158389574	-0.0001974603697	0.01147484737	-0.008301261482	-0.01415788258	-0.02086175202	0.004700532563	-0.008251895327	0.01330574693	0.005463872032	0.02130292803	-0.0432724904	-0.02966946282	0.01013053761	-0.0154095798	-0.01113226767	-0.02391103005	0.01935180896	0.0047798176	0.02910577239	-0.01325705225	-0.005022016047	-0.01929699451	-0.009173124895	-0.0172316397	-0.02811762483	-0.04840276265	0.03841000064	0.03146487622	-0.04575398965	-0.01745725527	-0.005346907904	0.004110722608	-0.03343108223	-0.01336856809	0.0001614302164	0.002962245533	-0.008348995698	-0.0059276062	-0.006973407112	0.02996050045	-0.003592029494	-0.004474092526	-0.004737378686	-0.03770567446	-0.01562336381	0.002469807938	-0.007127489353	-0.00365717106	0.007885125536	0.002157699604	-0.01225803359	-0.009855139404	-0.02833344876	-0.03214361835	0.01998649723	-0.02433587817	-0.02267551623	-0.0372953778	-0.01821828282
0.009029386768	-0.0004501389256	-0.003651187283	-0.0007576234331	-0.0189144408	-0.008430184663	-0.007256956514	-0.01988122867	-0.01279657347	-0.01775848401	0.001940379726	0.02298056133	-0.006959127646	-0.002657200434	-0.01122841608	0.0182884647	-0.01039014341	-0.001883253362	0.01949854747	-0.02394026896	0.005461016139	0.007399759677	0.5168334551	-0.01350075515	0.004126770008	-0.02493738369	0.001723331839	-0.001959138525	-0.005767676177	-0.01981173527	0.0213759573	0.0008665638613	-0.008025871775	-0.008823889948	0.003671459026	-0.0256890276	-0.001019957628	-0.00778815266	0.02062132151	0.01729515783	-0.01614776021	-0.01654581733	-0.01449650993	-0.003805405519	-0.004285467576	-0.01352428227	0.008359475806	0.009649115605	0.01923104547	-0.006089848136	-0.01566307433	-0.02042017653	-0.03780753466	-0.01197380422	-0.01396028197	-0.0087475968	-0.01378471253	0.01268887399	0.01067302134	-0.02138546845	-0.01349014754	-0.01401005611	-0.001891413057	0.01965684556	-0.0119501411	-0.008120388242	-0.04066233995	-0.008772891854	-0.02255407277	0.00313196719	0.01184924137	0.005064862946	-0.003100951849	-0.02447799286	0.02502157304	-0.008689118985	-4.650601179e-05	-0.0008688672752	-0.01256089427	0.001262717055	-0.003936504619	-0.006268001477	-0.02371193349	-0.007250428758	-0.01046453263	-0.003543887294	-0.03415511917	-0.02060594558	0.003051322204	-0.02704639286	0.0010902755	0.009810813561	0.004916084506	-0.0004082524912	0.0007429444817	-0.02580897511
0.004192591548	-0.01442579257	0.02507773894	0.0485859563	-0.02441706714	-0.002953125374	-0.006192660293	-0.005826697971	-0.02222890892	0.002053527497	-0.02672272496	0.002111597327	0.0002412592327	-0.00189318099	-0.006691353654	0.008125020569	-0.0141172201	-0.009357262013	-0.008028727668	-0.02412930189	0.01234807073	0.003711849516	-0.01350075515	0.516807888	-0.0150188664	-0.01006035573	-0.009419275695	0.001585704983	-0.02371220548	-0.01493522953	-0.009859083257	-0.01421880831	-0.006387133025	-0.009065144931	-0.006805317394	0.009606821185	-0.0002820492081	-0.0005747102696	-0.01122732812	0.006505049117	-0.02244677278	-0.02432010276	-0.01556026217	-0.02100577064	0.01620543056	0.005595787102	-0.02173973521	-0.02307425333	-0.004967074101	0.008134404219	0.0009633922423	-0.003454266643	-0.004587512287	-0.006692577608	-0.004096570637	-0.02859823086	-0.0141173561	0.004118202328	-0.02070562986	0.009380117659	-0.005010320484	0.06726730607	-0.004730714935	0.01346227708	0.001673557699	-0.01008497081	-0.02519781396	0.005216361283	-0.01108453345	0.002877656695	0.003839956728	-0.02260602283	-0.006318863576	-0.0182698249	-0.01489538302	-0.004321778219	9.084885443e-05	-0.01707701348	-0.009237994471	0.00120423924	0.0006658353637	-0.02989167852	0.006949208516	-0.008601402264	-0.007650797794	-0.003249866283	0.008752093132	-0.01647360403	-0.00866572786	-0.004714667535	-0.0008743070719	-0.02961003305	0.009570646538	-0.009762254876	-0.004054684202	-0.007119737643
0.01275959135	-0.004984073465	-0.002349307942	0.007424510751	-0.01834367014	-0.01605827556	-0.02092974948	0.007322786554	-0.003295832565	-0.01851937557	0.004795865	0.005469447824	-0.02210719347	-0.01116001063	-0.02787786579	-0.008244007622	-0.00327856121	0.002055839411	-0.02204776369	-0.03241696813	-0.005195953546	0.03956486947	0.004126770008	-0.0150188664	0.5312655077	-0.01611552942	-0.01231501546	0.006183829123	-0.009949111892	0.04240716324	0.01417869831	0.0215819896	-0.04119054421	-0.008618673618	0.00980387782	-6.472933068e-05	0.009068281314	0.01201338724	-0.03032495832	-0.003336223055	-0.008683679189	-0.007658685499	-0.0078940927	0.004820616075	0.002538893356	0.009697801785	-0.01520939528	-0.001347297393	-0.007862813869	-0.009984062586	-0.01895673522	-0.03154714464	-0.003370765764	0.008598010891	0.006833476842	-0.01016126396	-0.01446727102	-0.02458828474	0.00565603285	-0.004390863637	0.006637780156	-0.009196244031	-0.01233949455	0.005031000211	0.03176909685	-0.002614634025	-0.03396853414	-0.004768521522	-0.02046886271	-0.02474522287	-0.009147693846	-0.02490120904	0.003645076012	-0.0247819415	0.0008782594242	-0.01784470479	0.01026367663	0.006059937754	0.02115782146	0.03075144688	-0.02020734448	-0.01234248644	-0.02546504397	-0.001679396981	-0.01114709112	-0.00183728708	-0.005906662983	-0.003768006917	-0.03301167391	-0.0007040414357	-0.007647533916	0.002665776614	-0.01061059117	-0.0108693895	-0.01282540439	-0.02436348514
0.01918031937	0.2536952581	-0.01273102392	-0.01034662503	-0.02073541274	-0.02654443563	-0.01909150619	-0.01697610525	-0.04181217698	0.003071857436	-0.01243999479	-0.01369862775	0.008857897177	-0.02339560932	-0.01979908774	-0.005465767461	-0.05025487742	-0.0006231244601	-0.01744175185	-0.009376573291	-0.005172426425	-0.01211143107	-0.02493738369	-0.01006035573	-0.01611552942	0.4797563449	-0.02090812629	-0.0140156319	-0.0213491578	-0.01556189411	-0.02514708785	-0.0324312476	-0.01552599145	-0.03268256621	-0.01833333452	0.02232288991	-0.03434388011	-0.0001569338844	0.0118939837	-0.009696841321	-0.01038347966	-0.01281819666	-0.004632798595	-0.007467204656	-0.01238614081	-0.0134913715	0.0007679675464	-0.01883121191	-0.02632589179	-0.006761935016	-0.01214434184	0.0009062743771	-0.0248888335	-0.0134031108	-0.01019349476	-0.005006920611	-0.005552940203	-0.01171813377	0.0002745779874	-0.008532044856	-0.01353556984	0.01243415551	-0.003137942466	-0.02496009484	-0.001564209286	-0.02280103954	0.2854450395	-0.009170812982	-0.01629368276	0.01447095138	-0.006904729679	-0.02388546301	-0.001893044996	0.240829867	0.003578166512	-0.03591611735	-0.02868349968	-0.01934867257	-0.02652349241	-0.02993315697	-0.02537991115	-0.01200562703	-0.008769627976	-0.02311913165	-0.01423077586	-0.03446559556	0.0008796193733	-0.03174855312	-0.02273956984	-0.02916764158	0.005444560754	-0.01182842565	-0.03207643686	-0.01375724156	-0.01677075293	-0.009378341225
-0.0113159968	-0.01614776021	-0.009178564692	-0.01279970135	-0.03270595733	-0.00773008283	-0.01949486711	0.01202154693	-0.007070099498	-0.01233228682	-0.01732139635	-0.007639510216	-0.01390955587	0.01117674651	0.0668517056	-0.0148904872	0.009423228047	-0.018507816	-0.006604316907	-0.02385377619	-0.01327853945	-0.00791925176	0.001723331839	-0.009419275695	-0.01231501546	-0.02090812629	0.501104827	-0.01739564957	-0.0008114774202	0.02649127011	-0.001763305845	0.000757223948	-0.02924597465	-0.03007010385	0.007609327844	0.001135153822	-0.005111228713	0.005379963168	-0.01306679537	-0.0174243445	-0.009194068113	0.04790434978	-0.006785598131	-0.03588769441	-0.002070926347	-0.01439084188	-0.02754807811	0.006732840603	0.01100117707	-0.0008333726019	0.007466397186	-0.005829009885	-0.005695870861	-0.0386250001	-0.01563628333	-0.0290146473	-0.01653126588	-0.0006587551284	-0.02332842783	-0.01749982168	-0.0305716531	0.002252216071	0.008104213347	-0.01430543707	-0.006915609272	-0.00063142015	-0.01398176917	-0.005070022253	-0.009111791188	-0.01342731789	-0.03665688166	0.004616079719	-0.01381136754	-0.01520041962	-0.01241347578	-0.02327702175	0.01389188503	0.2084191504	-0.004458317116	-0.007750482068	0.01266521088	-0.01048982768	-0.01154909209	0.002549364965	-0.01352441826	0.03151832222	-0.005777331816	-0.0003095201814	-0.004656325715	-0.003224979213	-0.02569147551	-0.008798186909	-0.01476346795	-0.02352140461	-0.01824466584	0.007099074915
